b = [0; 2; 1]